1 0.384765625 0.051171875 0.0828125 0.0828125
0 0.742578125 0.215234375 0.0828125 0.0828125
12 0.080078125 0.753515625 0.0828125 0.0828125
11 0.812109375 0.725390625 0.0828125 0.0828125
0 0.055859375 0.243359375 0.0828125 0.0828125
7 0.701171875 0.379296875 0.0828125 0.0828125
9 0.371484375 0.923046875 0.0828125 0.0828125
3 0.589453125 0.681640625 0.0828125 0.0828125
7 0.111328125 0.274609375 0.0828125 0.0828125
7 0.730078125 0.451953125 0.0828125 0.0828125
10 0.151953125 0.680859375 0.0828125 0.0828125
6 0.761328125 0.845703125 0.0828125 0.0828125
2 0.293359375 0.408984375 0.0828125 0.0828125
12 0.958984375 0.148828125 0.0828125 0.0828125
5 0.119921875 0.548828125 0.0828125 0.0828125
2 0.780078125 0.826171875 0.0828125 0.0828125
3 0.378515625 0.296484375 0.0828125 0.0828125
10 0.780078125 0.376171875 0.0828125 0.0828125
4 0.084765625 0.862890625 0.0828125 0.0828125
7 0.751171875 0.637109375 0.0828125 0.0828125
